OTU	S6C2T1	S18C2T4	S2C0T0	S10C1T2	S11C2T2	S12C2T2	S15C1T4	S17C2T4	S19C3T4	S1C0T0	S20C3T4	S23C2T6	S25C3T6	S26C3T6	S30C2T8	S32C3T8	S8C3T1	S13C3T2	S14C3T2	S16C1T4	S21C1T6	S22C1T6	S24C2T6	S3C1T1	S4C1T1	S27C1T8	S28C1T8	S5C2T1	S29C2T8	S31C3T8	S7C3T1	S9C1T2	total
OTU1	30	18	0	28	20	22	22	14	28	0	18	18	20	32	22	20	30	20	16	14	22	16	14	18	20	14	24	34	20	8	22	10	614
OTU2	0	2	0	4	4	2	2	0	0	0	4	0	0	4	0	0	4	6	0	8	4	4	2	4	0	2	2	6	2	2	0	2	70
OTU3	6	10	0	8	6	4	24	14	16	0	20	12	16	18	8	18	12	10	2	12	8	6	12	8	4	6	6	2	12	8	0	6	294
OTU4	0	2	0	2	0	0	2	4	0	0	6	4	2	4	6	4	0	0	0	2	0	2	0	0	0	6	2	0	6	2	0	0	56
OTU5	0	4	0	2	6	2	6	2	6	0	0	2	4	8	6	4	2	2	0	2	6	10	4	2	8	6	4	0	6	4	4	0	112
OTU6	0	0	26	0	0	0	0	0	0	40	0	0	0	0	0	0	2	0	0	0	0	0	0	0	0	0	0	0	0	0	0	0	68
OTU7	0	0	28	0	0	0	0	0	0	18	0	0	0	0	0	0	0	0	0	0	0	0	0	0	0	0	0	0	0	0	0	0	46
OTU8	2	14	0	12	10	4	12	10	10	0	14	10	8	8	8	16	20	10	0	16	8	0	4	4	4	2	4	12	4	8	10	4	248
OTU9	2	6	0	6	10	14	4	2	2	0	4	2	2	0	0	6	16	2	4	10	10	8	2	2	10	2	2	6	2	0	6	6	148
OTU10	0	2	0	0	2	0	6	2	0	0	0	0	0	0	0	2	0	0	0	2	2	0	2	2	0	2	0	4	4	0	0	2	34
OTU11	14	32	0	20	18	14	10	20	12	0	10	12	6	8	8	6	12	4	12	6	12	22	12	6	6	0	4	10	0	4	8	6	314
OTU12	2	2	0	0	2	2	0	4	2	0	2	2	0	2	0	2	0	0	0	0	4	2	10	2	0	0	0	2	2	2	2	0	48
OTU13	0	0	0	0	0	0	2	0	2	0	0	2	2	0	2	0	2	0	0	0	0	2	2	0	0	0	2	0	2	0	0	0	20
OTU14	0	0	0	6	0	0	0	0	0	0	0	0	0	0	2	0	0	0	0	0	0	0	0	0	4	0	4	0	2	0	4	6	28
OTU15	0	0	0	0	0	0	0	0	0	0	2	0	2	0	0	0	2	0	0	0	0	0	0	2	0	0	0	0	2	2	6	0	18
OTU16	0	0	0	0	2	0	0	0	0	0	0	0	0	0	0	0	0	6	2	2	0	0	0	0	0	0	0	0	0	0	0	4	16
OTU17	2	0	0	4	2	0	0	0	0	0	0	0	0	0	0	0	2	0	0	0	0	0	0	0	0	0	0	6	0	0	0	2	18
OTU18	0	0	6	0	0	0	0	0	0	4	0	0	0	0	0	0	0	0	0	0	0	0	0	0	0	0	0	0	0	0	0	0	10
OTU19	0	0	6	0	0	0	0	0	0	4	0	0	0	0	0	0	0	0	0	0	0	0	0	0	0	0	0	0	0	0	0	0	10
OTU20	0	2	0	2	0	0	4	0	2	0	4	0	0	2	2	0	0	2	0	0	2	0	0	0	0	0	0	0	0	4	2	0	28
OTU21	2	2	0	2	0	0	2	0	0	0	2	0	0	0	0	2	8	6	0	2	2	4	8	0	2	0	2	0	0	0	2	0	48
OTU22	0	4	0	2	2	2	0	0	0	0	0	2	0	2	0	0	0	0	4	2	0	2	0	0	2	0	0	4	0	0	2	2	32
OTU23	2	0	0	0	0	0	2	0	0	0	0	0	0	0	0	0	0	2	0	0	0	0	0	0	0	0	0	0	0	0	0	4	10
OTU24	0	0	0	0	0	0	0	0	2	0	0	0	0	0	0	0	0	0	0	6	2	0	0	0	0	0	0	2	0	0	0	0	12
OTU25	2	0	8	0	0	0	0	0	0	10	0	0	0	0	0	0	0	0	0	0	0	0	0	0	0	0	0	0	0	0	2	0	22
OTU26	2	0	0	0	0	0	0	0	0	0	0	2	8	0	0	0	2	2	0	0	0	0	0	0	0	0	0	2	2	0	4	0	24
OTU27	0	0	0	2	0	0	0	0	2	0	2	2	0	0	0	0	0	0	0	0	0	0	0	2	0	2	0	4	0	0	0	2	18
OTU28	2	0	0	0	0	0	0	0	0	0	2	0	0	0	4	0	0	0	0	0	0	0	0	0	0	0	0	0	0	0	2	0	10
OTU29	0	0	0	0	0	0	0	0	0	0	0	0	0	2	0	0	0	0	0	0	0	0	0	0	0	0	0	0	0	2	0	2	6
OTU30	0	0	0	0	0	0	0	2	0	0	0	0	0	0	0	0	0	0	0	0	0	0	2	0	0	0	0	8	2	0	0	2	16
OTU31	0	0	0	0	0	0	0	0	2	0	2	2	2	4	0	0	0	0	0	0	0	4	0	0	0	0	2	0	2	0	2	0	22
OTU32	0	6	0	2	0	0	2	0	4	0	0	0	0	0	0	0	0	4	0	2	0	0	0	0	6	0	0	0	0	0	2	0	28
OTU33	0	0	0	0	4	0	0	0	0	0	0	0	0	0	0	0	0	0	4	6	0	2	2	0	0	0	0	0	0	2	0	0	20
OTU34	0	0	0	2	0	0	0	2	0	0	0	0	0	0	0	0	0	0	2	4	2	2	0	2	0	0	2	0	2	0	0	0	20
OTU35	0	0	0	0	0	0	0	0	0	0	0	0	0	0	0	0	0	0	0	0	2	0	0	2	0	0	0	2	0	4	0	2	12
OTU36	0	0	0	0	2	4	0	0	0	0	0	0	0	0	0	0	2	0	2	0	0	0	0	0	0	0	0	0	0	0	0	0	10
OTU37	0	0	0	0	2	0	0	0	0	0	0	2	0	0	0	0	0	0	2	0	0	2	0	6	0	0	0	0	0	0	0	0	14
OTU38	0	0	0	0	0	0	0	0	0	0	0	0	0	0	0	0	0	0	6	0	0	0	0	0	0	0	0	0	0	0	0	0	6
OTU39	0	0	10	0	0	0	0	0	0	10	0	0	0	0	0	0	0	0	0	0	0	0	0	0	0	0	0	0	0	0	0	0	20
OTU40	0	0	0	2	2	0	0	0	0	0	0	0	0	2	0	0	2	0	0	0	0	0	0	0	0	0	0	2	0	0	0	6	16
OTU41	0	0	0	0	0	4	0	0	0	0	0	0	0	0	0	0	0	0	0	2	0	0	2	0	2	0	2	0	2	2	0	0	16
OTU42	0	0	4	0	0	0	0	0	0	2	0	0	0	0	0	0	0	0	0	0	0	0	0	0	0	0	0	0	0	0	2	0	8
OTU43	0	0	0	0	0	0	0	0	0	0	0	0	0	0	0	0	0	0	0	0	0	2	0	0	0	0	0	0	0	0	0	2	4
OTU44	0	0	0	0	0	0	0	0	0	10	0	0	0	0	0	0	0	0	2	0	0	0	0	0	0	0	0	0	0	0	4	0	16
OTU45	2	0	0	0	0	0	2	0	0	0	0	0	0	0	0	0	0	0	0	2	2	0	0	0	0	0	0	0	0	0	0	0	8
OTU46	0	0	0	0	0	0	0	0	0	0	0	0	0	0	0	4	0	0	0	0	0	0	0	0	0	0	0	0	0	0	0	0	4
OTU47	0	0	0	2	0	0	0	0	0	0	2	0	0	4	0	0	0	0	0	0	2	0	0	0	0	2	0	0	0	0	0	0	12
OTU48	0	0	0	0	0	0	0	2	0	0	0	0	0	0	0	0	0	2	0	0	0	0	0	0	0	0	2	0	0	0	4	0	10
OTU49	0	0	0	0	0	0	0	0	0	0	0	0	0	0	0	0	0	0	0	0	0	0	0	2	0	0	2	0	2	0	0	0	6
OTU50	0	0	0	0	0	0	0	2	0	0	0	0	0	0	0	0	0	0	0	0	0	2	0	0	2	0	0	0	0	0	2	0	8
OTU51	0	0	0	0	0	0	0	0	0	0	0	0	0	0	0	0	0	0	0	0	0	0	0	0	0	0	4	0	0	0	0	0	4
OTU52	0	0	0	0	0	0	0	0	0	0	0	0	0	0	0	0	0	0	0	0	4	0	0	0	0	0	0	0	0	0	0	0	4
OTU53	0	0	0	0	0	0	0	0	4	0	0	0	0	0	0	0	0	0	0	0	2	0	0	0	0	0	0	0	0	0	0	0	6
OTU54	0	0	0	0	0	0	0	0	0	0	0	2	0	0	0	0	0	0	0	0	0	0	0	0	4	0	0	0	2	4	0	2	14
OTU55	0	0	10	0	0	0	0	0	0	6	0	0	0	0	0	0	2	0	0	0	0	0	0	0	0	0	0	0	0	0	0	0	18
OTU56	0	0	0	0	0	0	0	0	0	0	0	0	0	0	0	0	0	0	0	0	0	0	0	0	0	0	0	4	0	0	0	0	4
OTU57	0	0	0	0	0	0	0	0	2	0	0	0	0	0	0	0	0	0	0	0	0	0	0	0	0	0	0	0	2	0	0	0	4
OTU58	0	0	0	0	2	0	0	0	0	0	0	0	0	0	0	0	0	0	0	2	0	0	0	0	2	0	0	0	0	0	0	0	6
OTU59	0	0	0	0	4	0	2	0	0	0	0	0	2	0	0	0	0	0	0	0	0	0	2	0	0	2	4	0	2	0	0	2	20
OTU60	0	0	0	0	0	0	0	2	0	0	0	2	0	0	0	0	4	0	2	0	0	0	2	2	0	0	0	2	0	0	2	0	18
OTU61	0	2	0	2	2	2	0	0	0	0	0	2	0	2	0	2	0	0	0	0	0	2	0	0	0	6	2	2	0	4	0	0	30
OTU62	0	0	0	0	0	0	0	0	0	0	0	0	0	0	0	0	0	0	0	0	0	0	0	0	0	2	0	0	0	0	2	0	4
OTU63	2	0	0	0	0	0	0	0	0	0	0	0	0	0	0	0	0	0	0	0	0	0	0	0	0	0	0	0	0	0	2	0	4
OTU64	0	0	0	0	0	0	0	0	0	0	0	0	2	0	0	0	2	0	0	0	0	0	0	0	0	0	0	0	2	0	0	2	8
OTU65	2	0	0	0	0	0	0	0	0	2	0	0	0	0	0	0	0	0	0	0	0	0	0	0	0	0	0	0	0	0	0	0	4
OTU66	0	0	0	0	0	0	0	0	2	0	0	0	0	0	4	0	0	0	0	0	0	0	0	0	0	0	0	0	0	0	0	0	6
OTU67	0	0	0	0	0	0	0	0	0	0	0	0	2	0	0	0	0	0	2	0	0	0	0	0	0	0	0	0	0	0	0	0	4
OTU68	0	0	0	0	0	0	0	0	0	0	0	0	0	0	0	0	0	0	0	0	0	0	0	0	0	0	0	0	0	0	4	0	4
OTU69	0	0	0	2	0	2	0	0	0	0	0	2	0	0	0	2	0	0	0	0	0	0	0	0	0	0	0	0	0	0	0	0	8
OTU70	0	2	0	0	0	0	0	0	0	0	0	0	2	0	2	0	0	0	0	0	2	0	0	0	0	0	0	0	0	0	0	0	8
OTU71	0	0	0	0	0	0	0	0	0	0	0	0	0	0	0	0	0	2	0	0	0	0	0	0	0	0	0	0	0	2	0	0	4
OTU72	0	0	0	0	0	0	0	0	0	0	0	0	0	0	0	0	0	0	0	0	2	0	0	0	0	0	0	2	2	0	2	0	8
OTU73	0	0	2	0	0	0	0	0	0	8	0	0	0	0	0	0	0	0	0	0	0	0	0	0	0	0	0	0	0	0	0	0	10
OTU74	0	0	12	0	0	0	0	0	0	12	0	0	0	0	0	0	0	0	0	0	0	0	0	0	0	0	0	0	0	0	0	0	24
OTU75	0	0	6	0	0	0	0	0	0	8	0	0	0	0	0	0	0	0	0	0	0	0	0	0	0	0	0	0	0	0	0	0	14
OTU76	0	0	0	0	0	0	0	0	2	0	0	0	0	0	0	0	0	0	0	0	0	0	0	0	6	0	0	0	0	2	0	2	12
OTU77	0	0	0	2	4	4	0	0	0	0	0	0	0	2	0	0	0	0	0	0	2	0	0	2	0	0	0	0	0	2	0	0	18
OTU78	0	0	0	0	0	0	0	0	0	0	0	0	0	0	2	0	0	0	0	0	0	0	0	0	0	0	0	0	0	0	2	0	4
OTU79	0	2	0	0	0	0	0	0	0	0	0	0	0	0	0	0	0	0	2	0	0	0	0	0	0	0	0	0	2	0	0	0	6
OTU80	0	0	0	0	0	2	0	0	2	0	0	0	0	0	0	0	0	0	0	0	0	2	0	0	0	2	0	2	0	0	2	0	12
OTU81	0	0	0	2	0	0	0	0	0	0	0	0	0	0	0	0	2	0	0	0	0	0	0	0	0	0	0	2	0	0	0	0	6
OTU82	0	0	0	0	0	0	0	0	0	0	0	0	0	0	2	0	0	0	0	0	0	0	0	0	0	0	0	0	2	0	0	0	4
OTU83	0	0	0	0	0	0	0	0	0	0	2	0	0	0	0	0	0	0	0	0	0	0	0	0	0	2	0	0	0	0	0	0	4
OTU84	0	0	0	0	0	0	0	0	0	0	0	0	0	0	0	0	0	0	2	0	0	0	0	0	0	0	0	0	0	0	2	0	4
OTU85	0	0	0	0	0	0	0	0	0	0	0	0	0	0	0	0	0	0	0	0	0	0	2	2	0	0	0	0	0	0	0	0	4
OTU86	0	0	0	0	0	0	0	0	2	0	0	0	2	0	0	0	0	0	0	0	2	0	0	0	2	0	4	0	0	0	0	2	14
OTU87	0	0	0	0	0	0	0	0	2	0	0	0	0	0	0	0	0	0	2	0	0	0	0	0	2	0	0	4	0	0	0	2	12
OTU88	0	0	0	0	0	0	0	0	0	0	0	0	0	0	0	0	0	0	0	0	0	2	0	0	0	0	0	0	0	0	2	0	4
OTU89	0	0	0	0	0	0	0	0	0	0	0	0	0	0	0	0	0	0	0	2	0	0	0	0	0	0	0	0	4	0	2	0	8
OTU90	0	0	0	0	0	0	0	0	0	0	0	0	2	2	0	0	0	0	0	0	0	0	0	0	0	0	0	0	2	0	0	0	6
OTU91	0	2	0	0	0	0	0	0	0	0	0	2	2	2	0	0	0	0	0	0	0	0	0	0	0	2	0	0	0	0	0	0	10
OTU92	0	0	0	0	0	0	0	0	0	0	0	0	0	0	2	10	0	2	0	0	0	0	2	0	0	0	0	0	0	0	0	0	16
OTU93	0	0	4	0	0	0	0	0	0	6	0	0	0	0	0	0	0	0	2	0	0	0	0	0	0	0	0	0	0	0	0	0	12
OTU94	0	0	0	0	2	0	0	0	0	0	0	0	0	0	0	0	0	0	0	0	0	0	0	0	0	0	0	2	0	0	0	4	8
OTU95	0	0	0	0	0	2	2	0	0	0	2	0	2	0	0	0	0	0	0	0	2	0	2	2	0	0	0	2	0	0	0	0	16
OTU96	0	0	0	0	0	0	0	0	0	0	2	0	0	0	0	0	0	0	0	2	0	0	0	0	0	0	0	0	0	0	0	0	4
OTU97	0	0	0	0	0	0	0	0	0	0	0	0	0	0	2	0	0	0	0	0	0	0	0	0	0	0	0	0	2	0	0	0	4
OTU98	0	0	0	0	0	0	0	0	0	0	2	0	0	2	2	0	2	2	0	0	0	2	0	0	2	2	0	0	0	0	0	0	16
OTU99	4	0	0	4	0	0	0	0	0	0	0	0	0	0	0	0	0	0	0	0	0	0	0	0	0	0	0	2	0	0	0	2	12
OTU100	0	0	0	0	0	0	0	0	0	0	0	0	0	0	0	0	0	0	0	0	0	0	4	0	0	0	0	0	0	0	0	0	4
OTU101	0	0	0	0	0	0	0	0	2	0	0	2	0	0	0	0	0	0	0	0	0	0	0	0	0	0	0	0	0	0	2	0	6
OTU102	0	0	0	0	0	0	0	0	0	0	2	2	0	0	0	0	0	0	0	0	0	0	0	0	0	0	0	0	0	0	0	0	4
OTU103	0	0	0	0	2	0	0	4	0	0	0	4	0	2	0	2	0	0	0	0	0	0	0	0	0	4	0	0	0	2	0	0	20
OTU104	0	0	0	2	0	2	0	0	0	0	0	2	0	0	0	0	0	0	0	0	0	0	0	0	0	0	0	0	0	0	0	2	8
OTU105	0	0	0	0	0	0	0	2	0	0	0	0	0	0	0	2	0	0	0	0	0	0	0	0	0	0	0	0	0	0	0	0	4
OTU106	0	0	0	0	0	0	0	0	0	0	0	0	0	0	0	0	0	0	0	0	0	0	0	0	0	2	0	0	0	2	0	0	4
OTU107	0	0	0	2	0	0	4	0	0	0	0	0	0	0	0	0	0	0	0	0	0	0	0	0	0	0	2	0	0	0	0	0	8
OTU108	2	0	0	0	0	0	0	0	0	0	0	0	0	0	0	0	0	0	0	0	0	0	0	0	0	0	2	0	0	0	0	0	4
OTU109	0	0	0	2	0	0	0	0	0	0	0	0	0	0	0	0	0	0	0	0	0	2	0	0	0	0	0	0	0	0	0	0	4
OTU110	0	0	0	0	0	0	0	0	0	0	0	0	0	0	0	0	0	0	2	0	0	0	0	0	0	0	0	0	2	0	0	0	4
OTU111	0	0	0	0	0	0	0	2	2	0	0	0	0	0	0	0	2	0	0	0	0	0	0	0	0	0	0	0	2	0	0	0	8
OTU112	0	0	0	0	2	0	0	0	0	0	2	0	0	0	0	0	0	0	0	0	0	0	0	0	0	0	0	0	0	0	0	0	4
OTU113	0	0	0	0	0	0	0	0	0	0	0	0	0	0	0	0	0	0	0	0	0	2	0	0	0	0	0	0	0	2	0	0	4
OTU114	0	0	0	0	0	0	0	2	0	0	2	0	0	0	0	2	0	0	0	0	0	0	2	0	0	0	0	0	0	0	0	0	8
OTU115	0	0	0	0	0	0	2	0	0	0	0	0	0	0	0	0	0	0	0	0	0	0	0	0	2	0	0	0	0	0	0	0	4
OTU116	0	0	0	0	0	0	0	0	0	0	2	0	0	0	0	0	0	0	0	0	0	2	0	0	0	0	0	0	0	0	0	0	4
OTU117	0	0	0	0	0	0	0	0	0	0	0	0	0	0	0	2	0	0	0	2	0	2	0	0	0	0	0	0	0	0	0	0	6
OTU118	0	0	0	0	0	2	0	0	0	0	0	0	0	0	2	0	0	0	0	0	0	0	0	0	2	2	0	0	0	0	0	0	8
OTU119	0	0	0	0	0	0	0	0	0	0	0	0	0	0	0	0	2	0	0	0	0	0	0	4	0	0	0	0	0	0	0	0	6
OTU120	0	0	0	0	0	2	0	0	0	0	0	0	0	0	0	0	0	0	2	0	2	0	0	0	0	0	0	0	0	2	0	0	8
OTU121	0	0	0	0	0	2	0	0	0	0	0	0	0	0	0	0	0	0	0	0	0	0	2	0	0	2	2	0	2	0	0	0	10
OTU122	0	0	0	0	0	0	0	0	2	0	0	0	0	0	0	0	0	0	0	2	0	0	0	0	0	0	0	0	0	0	0	0	4
OTU123	0	0	0	0	0	0	0	0	0	0	0	2	0	2	0	0	0	0	0	0	0	0	0	0	0	0	0	0	0	2	0	0	6
OTU124	0	0	0	0	0	0	0	0	0	0	0	0	0	0	0	0	0	0	0	0	2	0	0	2	0	0	0	0	0	0	0	0	4
OTU125	0	0	0	0	0	0	0	2	0	0	0	0	0	0	0	0	0	2	0	0	0	0	0	0	0	0	0	0	0	0	0	0	4
OTU126	0	0	2	0	0	0	0	0	0	2	0	0	0	0	0	0	0	0	0	0	0	0	0	0	0	0	0	0	0	0	0	0	4
OTU127	0	0	0	0	0	0	0	0	0	0	0	0	0	2	0	0	0	0	0	0	0	0	0	0	2	0	0	0	0	0	2	0	6
OTU128	0	0	0	0	0	0	0	0	0	0	0	0	0	0	0	0	0	0	0	0	0	2	0	0	0	0	0	2	2	0	0	0	6
OTU129	0	0	0	0	0	0	0	0	0	0	0	0	2	0	0	0	0	0	0	0	0	0	0	0	0	0	0	0	0	0	0	2	4
OTU130	0	0	2	0	0	0	0	0	0	2	0	0	0	0	0	0	0	0	0	0	0	0	0	0	0	0	0	0	0	0	0	0	4
OTU131	0	0	0	0	0	0	0	0	0	0	0	0	0	0	0	0	0	0	0	0	0	0	0	0	0	2	0	0	0	2	0	0	4
OTU132	0	0	0	0	0	2	0	0	0	0	0	0	0	0	0	2	0	0	0	0	0	0	0	0	0	0	0	0	0	6	0	0	10
OTU133	0	0	0	0	0	0	0	0	0	0	0	0	0	4	0	0	0	0	0	0	0	0	0	0	0	0	0	0	0	0	0	0	4
OTU134	0	0	0	0	0	0	0	0	0	0	0	0	0	0	0	0	0	0	0	0	2	0	0	0	0	0	2	0	0	2	0	0	6
OTU135	0	0	0	0	0	0	0	0	0	0	0	0	0	0	0	0	0	0	0	0	0	0	0	0	0	0	0	4	0	0	0	0	4
OTU136	0	0	0	0	0	0	0	0	4	0	0	0	0	0	0	0	0	0	0	0	0	0	0	0	0	0	0	0	0	0	0	0	4
OTU137	0	0	0	0	0	0	0	2	0	0	0	0	0	0	0	0	0	0	0	0	0	0	0	0	0	2	0	0	0	0	0	0	4
OTU138	0	0	0	0	0	0	0	0	0	0	0	0	0	0	0	0	2	0	0	0	0	0	0	0	0	0	0	0	0	0	2	0	4
OTU139	0	2	0	0	0	0	0	0	0	0	0	0	0	0	0	0	0	0	2	0	0	0	0	0	0	0	0	0	0	0	0	0	4
OTU140	0	0	0	0	0	0	0	0	0	0	0	0	0	2	0	0	0	0	0	0	0	0	0	0	0	0	0	0	0	0	0	2	4
OTU141	0	0	0	0	0	0	0	0	0	0	0	0	0	0	0	0	0	0	0	0	0	0	0	0	0	0	0	2	2	0	0	0	4
OTU142	0	2	0	2	0	0	0	2	0	0	2	2	0	0	0	0	0	0	0	0	0	0	0	2	0	0	0	0	0	0	0	0	12
OTU143	0	2	0	0	0	0	0	0	0	0	0	0	0	0	2	0	0	0	0	0	0	0	0	0	0	0	0	0	0	0	0	0	4
OTU144	0	0	0	0	0	0	0	0	0	0	0	0	0	0	0	0	0	0	4	0	0	0	0	0	0	0	0	0	0	0	0	0	4
OTU145	0	0	0	0	0	0	0	0	0	0	0	0	0	0	0	0	0	0	0	0	0	0	2	0	0	2	0	0	0	0	0	2	6
OTU146	0	0	0	0	0	0	0	0	2	0	2	0	2	0	0	0	0	0	0	0	0	2	0	2	2	0	0	0	0	0	0	0	12
OTU147	0	0	0	0	0	0	0	0	0	0	0	0	0	0	2	0	0	0	0	0	0	0	0	0	2	0	0	0	0	0	0	0	4
OTU148	0	0	0	0	0	2	2	0	0	0	0	0	0	0	0	0	0	0	0	0	0	0	0	0	0	0	0	0	0	0	0	0	4
OTU149	0	0	0	0	2	0	0	0	0	0	0	0	0	0	0	0	0	6	0	0	0	0	0	0	0	0	0	0	2	0	0	0	10
OTU150	0	0	0	0	0	0	0	2	0	0	0	0	0	2	0	0	0	2	0	0	0	0	0	0	0	0	0	0	0	0	2	0	8
OTU151	0	0	0	0	0	0	0	0	0	0	0	0	0	0	0	0	0	0	0	0	0	0	0	0	0	0	0	0	0	2	0	2	4
OTU152	0	0	0	0	0	0	2	0	0	0	0	0	0	0	0	0	0	0	0	0	0	0	0	0	0	0	0	2	0	0	0	0	4
OTU153	0	0	0	0	0	0	0	2	0	0	0	0	0	0	0	0	0	2	0	0	0	0	0	0	0	0	0	0	0	0	0	0	4
OTU154	0	0	0	0	0	0	0	0	0	0	2	0	0	0	0	0	0	0	0	0	0	0	0	0	0	0	2	0	0	0	0	0	4
OTU155	0	0	0	0	0	0	0	0	0	4	0	0	0	0	0	0	0	0	0	0	0	0	0	0	0	0	0	0	0	0	0	0	4
OTU156	0	0	0	0	0	0	0	0	0	0	0	0	0	0	0	0	0	0	0	0	0	0	0	0	0	0	0	0	0	0	0	4	4
OTU157	0	0	0	0	2	0	0	0	0	0	0	0	2	0	0	0	0	0	0	0	0	0	0	0	0	0	0	2	0	2	0	0	8
OTU158	0	0	0	0	0	0	2	0	0	0	0	0	0	0	0	0	0	0	0	0	0	4	0	0	0	0	0	0	0	0	0	0	6
OTU159	0	0	0	0	0	0	0	0	0	0	0	0	0	0	0	0	0	0	0	0	0	0	0	0	0	2	0	0	0	0	0	2	4
OTU160	0	0	0	2	0	0	0	0	0	0	0	0	0	2	0	0	0	0	0	0	0	0	0	0	0	0	0	0	0	0	0	0	4
OTU161	0	0	0	2	0	0	0	0	0	0	0	2	0	0	0	0	0	0	0	0	0	0	0	2	0	0	0	0	0	0	0	0	6
OTU162	0	0	0	0	0	0	0	0	0	0	2	0	0	0	0	2	0	0	0	0	0	0	0	0	0	0	0	0	0	0	0	0	4
OTU163	0	0	0	0	0	0	0	0	0	0	2	0	0	0	0	2	2	0	0	0	0	0	0	0	0	0	0	0	0	0	0	0	6
OTU164	2	0	0	0	0	0	0	0	0	0	0	0	0	0	0	0	0	0	2	0	0	0	0	0	0	0	0	0	0	0	0	0	4
OTU165	0	0	0	0	0	2	0	0	0	0	0	0	0	2	0	0	0	0	0	0	0	0	0	0	0	0	0	0	0	0	0	0	4
OTU166	0	0	0	0	0	2	0	0	0	0	0	0	2	0	0	0	0	0	0	0	0	0	0	0	0	0	0	0	0	0	0	0	4
OTU167	0	0	0	0	0	0	0	2	0	0	0	0	0	0	2	0	0	2	0	0	0	0	0	0	0	0	0	0	0	0	0	0	6
OTU168	0	0	0	0	0	0	0	0	0	0	2	0	0	0	0	0	0	2	0	0	0	0	0	0	0	0	0	0	0	0	0	0	4
OTU169	0	0	0	0	0	0	0	0	0	0	0	0	0	0	0	0	2	0	0	0	0	0	0	0	0	0	0	0	0	0	0	2	4
OTU170	0	0	0	0	0	0	2	0	0	0	0	0	0	0	0	0	0	0	0	0	0	2	0	0	0	0	0	0	0	0	0	0	4
OTU171	0	0	0	0	0	0	0	0	0	0	0	0	0	0	0	0	0	0	0	2	0	0	0	0	0	0	0	0	2	0	0	0	4
